Deskriptive Statistiken der Features pro Cluster (Mittelwert, Standardabweichung, etc.):

--- Cluster 0 ---
                                                        count           mean            std          min            25%            50%            75%           max
team_result                                           48357.0       0.559257       0.503389     0.000000       0.000000       1.000000       1.000000  2.000000e+00
team_size                                             48357.0       3.018012       0.584835     1.000000       3.000000       3.000000       3.000000  4.000000e+00
duration                                              48357.0     402.515417     131.237709    43.000000     345.000000     370.000000     423.000000  2.598000e+03
overtime_seconds                                      48357.0      49.869161     132.730719     0.000000       0.000000       0.000000      64.000000  3.447000e+03
stats_core_shots                                      48357.0       3.581219       2.197419     0.000000       2.000000       3.000000       5.000000  5.400000e+01
stats_core_shots_against                              48357.0       8.265649       6.127319     0.000000       6.000000       8.000000      10.000000  1.260000e+02
stats_core_goals                                      48357.0       1.028827       1.082671     0.000000       0.000000       1.000000       2.000000  2.000000e+01
stats_core_goals_against                              48357.0       2.625887       2.934096     0.000000       1.000000       2.000000       3.000000  6.900000e+01
stats_core_saves                                      48357.0       1.488492       1.373253     0.000000       0.000000       1.000000       2.000000  3.600000e+01
stats_core_assists                                    48357.0       0.717187       0.840717     0.000000       0.000000       1.000000       1.000000  6.000000e+00
stats_core_score                                      48357.0     435.900159     211.517980     0.000000     294.000000     405.000000     542.000000  4.883000e+03
stats_core_shooting_percentage                        48357.0      28.380268      29.589067     0.000000       0.000000      25.000000      50.000000  3.000000e+02
stats_boost_bpm                                       48357.0     434.224973      86.044696     0.000000     402.000000     433.000000     465.000000  1.382500e+04
stats_boost_bcpm                                      48357.0     450.298032      63.009152     0.000000     416.918820     450.032300     483.410680  8.081632e+03
stats_boost_avg_amount                                48357.0      50.524396       4.718689     7.060000      47.430000      50.510000      53.580000  1.000000e+02
stats_boost_amount_collected                          48357.0    2826.346486     609.326190     0.000000    2467.000000    2707.000000    3035.000000  1.373000e+04
stats_boost_amount_stolen                             48357.0     755.538392     235.251572     0.000000     608.000000     730.000000     869.000000  5.435000e+03
stats_boost_amount_collected_big                      48357.0    2030.466861     492.016770     0.000000    1730.000000    1964.000000    2241.000000  1.044100e+04
stats_boost_amount_stolen_big                         48357.0     478.765742     199.476862     0.000000     349.000000     463.000000     588.000000  3.923000e+03
stats_boost_amount_collected_small                    48357.0     795.879624     236.609113     0.000000     646.000000     756.000000     895.000000  3.766000e+03
stats_boost_amount_stolen_small                       48357.0     276.772649      98.045435     0.000000     213.000000     264.000000     324.000000  1.852000e+03
stats_boost_count_collected_big                       48357.0      24.817090       6.315238     0.000000      21.000000      24.000000      27.000000  2.490000e+02
stats_boost_count_stolen_big                          48357.0       5.808342       2.395391     0.000000       4.000000       6.000000       7.000000  7.400000e+01
stats_boost_count_collected_small                     48357.0      69.454908      19.994653     0.000000      57.000000      66.000000      78.000000  7.610000e+02
stats_boost_count_stolen_small                        48357.0      23.888124       8.229958     0.000000      19.000000      23.000000      28.000000  4.190000e+02
stats_boost_amount_overfill                           48357.0     432.985504     209.663166     0.000000     289.000000     403.000000     538.000000  5.612000e+03
stats_boost_amount_overfill_stolen                    48357.0      95.458320      75.758516     0.000000      39.000000      82.000000     134.000000  1.839000e+03
stats_boost_amount_used_while_supersonic              48357.0     404.645408     179.655161     0.000000     280.000000     379.000000     500.000000  4.083000e+03
stats_boost_percent_zero_boost                        48357.0      12.084725       4.255196     0.000000       9.090641      11.708144      14.676663  3.799501e+01
stats_boost_percent_full_boost                        48357.0      11.399027       4.169395     0.000000       8.453439      10.790506      13.617194  4.471144e+01
stats_boost_percent_boost_0_25                        48357.0      33.570917       7.037064     0.000000      28.780397      33.412064      38.165220  1.000000e+02
stats_boost_percent_boost_25_50                       48357.0      20.888832       3.915253     0.000000      18.195105      20.786766      23.457422  5.252748e+01
stats_boost_percent_boost_50_75                       48357.0      17.775852       3.874393     0.000000      15.103813      17.589167      20.227184  4.242808e+01
stats_boost_percent_boost_75_100                      48357.0      27.720972       6.009657     0.000000      23.551798      27.380873      31.559752  1.000000e+02
stats_movement_avg_speed                              48357.0    1602.253117      73.519907   999.000000    1554.000000    1601.000000    1650.000000  2.168000e+03
stats_movement_total_distance                         48357.0  591487.549352  129950.284492   701.000000  520928.000000  552894.000000  623874.000000  3.006909e+06
stats_movement_time_powerslide                        48357.0       7.681854       3.069404     0.000000       5.670000       7.170000       9.050000  5.103000e+01
stats_movement_count_powerslide                       48357.0      73.451207      30.178583     0.000000      53.000000      69.000000      89.000000  5.250000e+02
stats_movement_avg_powerslide_duration                48357.0       0.107739       0.023056     0.000000       0.090000       0.110000       0.120000  5.300000e-01
stats_movement_avg_speed_percentage                   48357.0      69.663179       3.196518    43.434784      67.565216      69.608696      71.739130  9.426087e+01
stats_movement_percent_slow_speed                     48357.0      40.975123       5.394810     0.000000      37.452110      40.944664      44.553017  8.431995e+01
stats_movement_percent_boost_speed                    48357.0      40.580121       3.753155     7.516429      38.078300      40.571540      43.050407  1.000000e+02
stats_movement_percent_supersonic_speed               48357.0      18.444757       4.724717     0.000000      15.187269      18.135717      21.284473  7.733168e+01
stats_movement_percent_ground                         48357.0      54.489224       4.715224    13.167260      51.450050      54.525030      57.602234  9.297314e+01
stats_movement_percent_low_air                        48357.0      39.522933       4.121650     5.806377      36.791348      39.436535      42.139880  8.683274e+01
stats_movement_percent_high_air                       48357.0       5.987842       2.122240     0.000000       4.498590       5.843696       7.327348  1.882363e+01
stats_positioning_avg_distance_to_ball                48357.0    2773.730153     292.312026  1229.000000    2598.000000    2795.000000    2967.000000  6.406000e+03
stats_positioning_avg_distance_to_ball_possession     48357.0    2620.982484     346.070326     0.000000    2404.000000    2637.000000    2851.000000  5.158000e+03
stats_positioning_avg_distance_to_ball_no_possession  48357.0    2921.583638     315.118014     0.000000    2721.000000    2931.000000    3128.000000  6.152000e+03
stats_positioning_avg_distance_to_mates               48357.0    3619.940298     299.931916     0.000000    3468.000000    3655.000000    3815.000000  8.172000e+03
stats_positioning_percent_defensive_third             48357.0      42.899486       5.902867     0.000000      39.014670      42.924416      46.860977  6.683710e+01
stats_positioning_percent_offensive_third             48357.0      24.691483       4.932658     0.000000      21.342136      24.356077      27.718203  1.000000e+02
stats_positioning_percent_neutral_third               48357.0      32.409031       3.489009     0.000000      30.077946      32.362830      34.684430  1.000000e+02
stats_positioning_percent_defensive_half              48357.0      59.557209       5.907365     0.000000      55.782540      59.789240      63.553356  8.333334e+01
stats_positioning_percent_offensive_half              48357.0      40.442791       5.907365    16.666668      36.446640      40.210754      44.217460  1.000000e+02
stats_positioning_percent_behind_ball                 48357.0      70.121847       5.479497     0.000000      67.052700      70.478730      73.701940  1.000000e+02
stats_positioning_percent_infront_ball                48357.0      29.878153       5.479497     0.000000      26.298060      29.521273      32.947296  1.000000e+02
stats_positioning_percent_most_back                   48357.0      34.609611       8.194232     0.000000      29.107147      33.112755      38.432900  9.966097e+01
stats_positioning_percent_most_forward                48357.0      38.368100       8.339904     0.000000      32.753162      36.611450      42.215870  9.966097e+01
stats_positioning_percent_closest_to_ball             48357.0      36.849550       7.391876     0.000000      32.043587      35.130524      39.382820  9.966097e+01
stats_positioning_goals_against_while_last_defender   48357.0       0.898215       1.015667     0.000000       0.000000       1.000000       1.000000  1.700000e+01
stats_positioning_percent_farthest_from_ball          48357.0      36.237493       8.104377     0.000000      30.873116      34.443140      39.337910  9.966097e+01
stats_demo_inflicted                                  48357.0       1.414356       1.346608     0.000000       0.000000       1.000000       2.000000  1.700000e+01
stats_demo_taken                                      48357.0       1.021631       1.129447     0.000000       0.000000       1.000000       2.000000  1.800000e+01
rank_tier                                             48357.0       6.531216       9.121717     0.000000       0.000000       0.000000      18.000000  2.200000e+01
rank_division                                         48357.0       0.816924       1.314448     0.000000       0.000000       0.000000       2.000000  4.000000e+00
tod_sin                                               48357.0      -0.557082       0.456983    -1.000000      -0.908478      -0.721559      -0.345093  9.999851e-01
tod_cos                                               48357.0       0.412720       0.557224    -1.000000       0.120353       0.586902       0.857092  1.000000e+00

--- Cluster 1 ---
                                                        count           mean           std           min            25%            50%            75%           max
team_result                                           91781.0       0.483019      0.501282      0.000000       0.000000       0.000000       1.000000  2.000000e+00
team_size                                             91781.0       3.130354      0.391488      1.000000       3.000000       3.000000       3.000000  4.000000e+00
duration                                              91781.0     344.373552     50.764427     35.000000     330.000000     347.000000     365.000000  1.998000e+03
overtime_seconds                                      91781.0       6.382759     31.406762      0.000000       0.000000       0.000000       0.000000  1.677000e+03
stats_core_shots                                      91781.0       2.352992      1.535431      0.000000       1.000000       2.000000       3.000000  1.500000e+01
stats_core_shots_against                              91781.0       7.717752      3.285684      0.000000       5.000000       8.000000      10.000000  8.700000e+01
stats_core_goals                                      91781.0       0.744272      0.875036      0.000000       0.000000       1.000000       1.000000  8.000000e+00
stats_core_goals_against                              91781.0       2.398863      1.656779      0.000000       1.000000       2.000000       3.000000  3.700000e+01
stats_core_saves                                      91781.0       1.311154      1.173470      0.000000       0.000000       1.000000       2.000000  1.000000e+01
stats_core_assists                                    91781.0       0.559299      0.749421      0.000000       0.000000       0.000000       1.000000  6.000000e+00
stats_core_score                                      91781.0     333.346063    146.629489      0.000000     226.000000     316.000000     423.000000  1.295000e+03
stats_core_shooting_percentage                        91781.0      28.640555     34.850563      0.000000       0.000000      20.000000      50.000000  3.000000e+02
stats_boost_bpm                                       91781.0     371.629913     48.819736      0.000000     340.000000     372.000000     404.000000  7.750000e+02
stats_boost_bcpm                                      91781.0     385.403469     50.085531      0.000000     352.820680     385.897860     418.370180  6.952224e+02
stats_boost_avg_amount                                91781.0      49.522940      5.379665     23.340000      45.970000      49.500000      52.990000  1.000000e+02
stats_boost_amount_collected                          91781.0    2095.458221    342.212494      0.000000    1882.000000    2109.000000    2323.000000  3.576000e+03
stats_boost_amount_stolen                             91781.0     412.935335    147.860242      0.000000     307.000000     408.000000     513.000000  1.165000e+03
stats_boost_amount_collected_big                      91781.0    1429.109609    328.340976      0.000000    1218.000000    1438.000000    1649.000000  2.975000e+03
stats_boost_amount_stolen_big                         91781.0     228.265011    132.781191      0.000000     124.000000     209.000000     307.000000  8.790000e+02
stats_boost_amount_collected_small                    91781.0     666.348612    190.617304      0.000000     552.000000     656.000000     765.000000  3.576000e+03
stats_boost_amount_stolen_small                       91781.0     184.670324     68.358676      0.000000     136.000000     178.000000     226.000000  8.500000e+02
stats_boost_count_collected_big                       91781.0      17.228980      3.937325      0.000000      15.000000      17.000000      20.000000  1.000000e+02
stats_boost_count_stolen_big                          91781.0       2.765431      1.555948      0.000000       2.000000       3.000000       4.000000  1.000000e+01
stats_boost_count_collected_small                     91781.0      57.201218     13.671149      0.000000      48.000000      57.000000      66.000000  5.910000e+02
stats_boost_count_stolen_small                        91781.0      15.893104      5.390597      0.000000      12.000000      16.000000      19.000000  8.400000e+01
stats_boost_amount_overfill                           91781.0     284.949423    138.718222      0.000000     184.000000     267.000000     366.000000  1.221000e+03
stats_boost_amount_overfill_stolen                    91781.0      45.828799     46.624216      0.000000       8.000000      32.000000      70.000000  5.920000e+02
stats_boost_amount_used_while_supersonic              91781.0     225.476264    113.438613      0.000000     142.000000     211.000000     293.000000  1.240000e+03
stats_boost_percent_zero_boost                        91781.0      11.454527      4.669263      0.000000       8.113530      11.003025      14.322051  4.684357e+01
stats_boost_percent_full_boost                        91781.0      11.442884      4.923646      0.000000       7.921651      10.637710      14.033288  5.352264e+01
stats_boost_percent_boost_0_25                        91781.0      33.173508      8.392518      0.000000      27.368223      32.950428      38.714447  7.347035e+01
stats_boost_percent_boost_25_50                       91781.0      21.981534      4.746225      0.000000      18.711031      21.771206      25.043728  5.799373e+01
stats_boost_percent_boost_50_75                       91781.0      18.006094      4.672756      0.000000      14.746367      17.716846      20.962286  5.244729e+01
stats_boost_percent_boost_75_100                      91781.0      26.790924      7.137432      0.000000      21.766169      26.296305      31.269990  1.000000e+02
stats_movement_avg_speed                              91781.0    1518.471895     76.403915   1045.000000    1468.000000    1518.000000    1569.000000  2.159000e+03
stats_movement_total_distance                         91781.0  483685.433946  63860.399474  16745.000000  461022.000000  489826.000000  515783.000000  1.977448e+06
stats_movement_time_powerslide                        91781.0       6.403175      2.363372      0.000000       4.800000       6.160000       7.690000  4.192000e+01
stats_movement_count_powerslide                       91781.0      58.645537     23.501387      0.000000      42.000000      56.000000      72.000000  2.680000e+02
stats_movement_avg_powerslide_duration                91781.0       0.113583      0.028280      0.000000       0.100000       0.110000       0.130000  9.800000e-01
stats_movement_avg_speed_percentage                   91781.0      66.020517      3.321909     45.434784      63.826088      66.000000      68.217390  9.386957e+01
stats_movement_percent_slow_speed                     91781.0      47.229950      5.911903      0.162225      43.269936      47.125355      51.106613  7.635584e+01
stats_movement_percent_boost_speed                    91781.0      39.253676      4.105536     16.741575      36.508960      39.238570      41.997295  6.371215e+01
stats_movement_percent_supersonic_speed               91781.0      13.516374      4.143543      1.382102      10.654290      13.215885      16.055857  5.626883e+01
stats_movement_percent_ground                         91781.0      56.414208      5.015520     12.526516      53.221493      56.393665      59.607307  8.010060e+01
stats_movement_percent_low_air                        91781.0      38.223279      4.401193     17.968555      35.369717      38.169804      40.982130  8.713491e+01
stats_movement_percent_high_air                       91781.0       5.362513      2.111331      0.000000       3.873920       5.223404       6.672260  3.000323e+01
stats_positioning_avg_distance_to_ball                91781.0    2898.985607    256.246805   1385.000000    2729.000000    2889.000000    3057.000000  6.153000e+03
stats_positioning_avg_distance_to_ball_possession     91781.0    2797.675325    322.648458      0.000000    2583.000000    2787.000000    3001.000000  6.838000e+03
stats_positioning_avg_distance_to_ball_no_possession  91781.0    2987.951689    287.165724      0.000000    2797.000000    2976.000000    3164.000000  6.169000e+03
stats_positioning_avg_distance_to_mates               91781.0    3642.025931    240.146544   1781.000000    3492.000000    3640.000000    3790.000000  7.823000e+03
stats_positioning_percent_defensive_third             91781.0      48.588476      6.601464      0.000000      44.224823      48.609700      53.000328  9.353220e+01
stats_positioning_percent_offensive_third             91781.0      19.714165      4.863185      0.206644      16.380356      19.472986      22.711658  8.469435e+01
stats_positioning_percent_neutral_third               91781.0      31.697359      4.013525      5.155082      29.012768      31.633385      34.322563  6.760847e+01
stats_positioning_percent_defensive_half              91781.0      65.527149      6.254240     10.863324      61.522728      65.702140      69.797920  9.886610e+01
stats_positioning_percent_offensive_half              91781.0      34.472851      6.254240      1.133895      30.202087      34.297850      38.477276  8.913668e+01
stats_positioning_percent_behind_ball                 91781.0      71.587937      5.276814      0.000000      68.227264      71.768150      75.138990  1.000000e+02
stats_positioning_percent_infront_ball                91781.0      28.412063      5.276814      0.000000      24.861008      28.231842      31.772736  1.000000e+02
stats_positioning_percent_most_back                   91781.0      35.198281      6.357660      0.498366      31.072708      34.921660      38.841988  8.701966e+01
stats_positioning_percent_most_forward                91781.0      32.819850      5.914818      0.000000      28.962830      32.413208      36.129715  9.691096e+01
stats_positioning_percent_closest_to_ball             91781.0      33.130876      4.619661      0.000000      30.103184      32.902145      35.827377  7.936125e+01
stats_positioning_goals_against_while_last_defender   91781.0       0.803336      0.912769      0.000000       0.000000       1.000000       1.000000  8.000000e+00
stats_positioning_percent_farthest_from_ball          91781.0      34.812454      6.131449      6.104385      30.981731      34.352940      37.894302  9.750813e+01
stats_demo_inflicted                                  91781.0       0.819156      0.972057      0.000000       0.000000       1.000000       1.000000  2.000000e+01
stats_demo_taken                                      91781.0       0.973110      1.032526      0.000000       0.000000       1.000000       2.000000  1.300000e+01
rank_tier                                             91781.0       6.933047      9.027991      0.000000       0.000000       0.000000      18.000000  2.200000e+01
rank_division                                         91781.0       0.925475      1.365804      0.000000       0.000000       0.000000       2.000000  4.000000e+00
tod_sin                                               91781.0      -0.562940      0.444496     -1.000000      -0.905815      -0.723118      -0.348913  9.999626e-01
tod_cos                                               91781.0       0.410225      0.563243     -1.000000       0.124828       0.586844       0.860409  1.000000e+00

--- Cluster 2 ---
                                                        count           mean            std  min            25%            50%            75%           max
team_result                                           26725.0       0.452273       0.570057  0.0       0.000000       0.000000       1.000000  2.000000e+00
team_size                                             26725.0       2.533732       0.566385  0.0       2.000000       3.000000       3.000000  4.000000e+00
duration                                              26725.0     223.708700     111.882232  0.0     147.000000     208.000000     317.000000  2.170000e+03
overtime_seconds                                      26725.0       5.390982      54.013949  0.0       0.000000       0.000000       0.000000  1.762000e+03
stats_core_shots                                      26725.0       5.159626      13.145270  0.0       0.000000       1.000000       3.000000  1.330000e+02
stats_core_shots_against                              26725.0      16.432554      35.260113  0.0       3.000000       6.000000       9.000000  2.350000e+02
stats_core_goals                                      26725.0       0.619719       0.954946  0.0       0.000000       0.000000       1.000000  1.500000e+01
stats_core_goals_against                              26725.0       2.434911       2.040802  0.0       1.000000       2.000000       4.000000  3.400000e+01
stats_core_saves                                      26725.0       0.963891       1.341319  0.0       0.000000       1.000000       1.000000  4.100000e+01
stats_core_assists                                    26725.0       0.354387       0.658968  0.0       0.000000       0.000000       1.000000  6.000000e+00
stats_core_score                                      26725.0     273.883442     260.710708  0.0      96.000000     210.000000     378.000000  4.961000e+03
stats_core_shooting_percentage                        26725.0      23.646360      37.205002  0.0       0.000000       0.000000      50.000000  2.000000e+02
stats_boost_bpm                                       26725.0     334.315023     128.198134  0.0     296.000000     356.000000     402.000000  4.297000e+03
stats_boost_bcpm                                      26725.0     306.388163     162.367465  0.0     256.946900     350.281920     413.077180  1.564557e+03
stats_boost_avg_amount                                26725.0      48.637731      14.349512  0.0      43.020000      48.290000      53.550000  1.000000e+02
stats_boost_amount_collected                          26725.0     900.277456     587.968272  0.0     404.000000     991.000000    1331.000000  2.936000e+03
stats_boost_amount_stolen                             26725.0     139.559813     118.727339  0.0      24.000000     129.000000     222.000000  6.520000e+02
stats_boost_amount_collected_big                      26725.0     578.777886     413.783567  0.0     120.000000     642.000000     895.000000  1.945000e+03
stats_boost_amount_stolen_big                         26725.0      74.197605      89.111521  0.0       0.000000      50.000000     100.000000  5.380000e+02
stats_boost_amount_collected_small                    26725.0     321.499570     358.195262  0.0     107.000000     277.000000     415.000000  2.936000e+03
stats_boost_amount_stolen_small                       26725.0      65.362208      54.394038  0.0      12.000000      60.000000     100.000000  5.380000e+02
stats_boost_count_collected_big                       26725.0       6.989747       5.007886  0.0       2.000000       8.000000      11.000000  2.600000e+01
stats_boost_count_stolen_big                          26725.0       0.904808       1.057539  0.0       0.000000       1.000000       2.000000  8.000000e+00
stats_boost_count_collected_small                     26725.0      23.938036      17.342937  0.0       9.000000      24.000000      36.000000  2.430000e+02
stats_boost_count_stolen_small                        26725.0       5.688606       4.545355  0.0       2.000000       5.000000       9.000000  4.700000e+01
stats_boost_amount_overfill                           26725.0     116.078690     113.138140  0.0      13.000000      94.000000     182.000000  8.360000e+02
stats_boost_amount_overfill_stolen                    26725.0      15.401235      28.549431  0.0       0.000000       0.000000      17.000000  3.010000e+02
stats_boost_amount_used_while_supersonic              26725.0      97.438503      81.325086  0.0      34.000000      84.000000     143.000000  1.218000e+03
stats_boost_percent_zero_boost                        26725.0       9.664312       7.417862  0.0       3.951865       9.142452      13.914817  7.181162e+01
stats_boost_percent_full_boost                        26725.0      11.364186       7.589137  0.0       6.486572      10.522279      15.295970  8.363324e+01
stats_boost_percent_boost_0_25                        26725.0      30.633981      15.936605  0.0      22.002360      30.886862      39.282250  1.000000e+02
stats_boost_percent_boost_25_50                       26725.0      22.559439      11.139955  0.0      17.590760      22.690495      27.906097  1.000000e+02
stats_boost_percent_boost_50_75                       26725.0      16.392289       9.090271  0.0      11.201906      16.181738      21.641293  1.000000e+02
stats_boost_percent_boost_75_100                      26725.0      24.262747      12.481597  0.0      17.504633      24.481780      31.544485  1.000000e+02
stats_movement_avg_speed                              26725.0    1404.912030     274.898741  0.0    1365.000000    1454.000000    1533.000000  2.228000e+03
stats_movement_total_distance                         26725.0  262527.618559  138338.981239  0.0  177775.000000  257051.000000  362300.000000  1.216274e+06
stats_movement_time_powerslide                        26725.0       3.315205       2.539126  0.0       1.690000       2.970000       4.500000  1.041600e+02
stats_movement_count_powerslide                       26725.0      27.161684      18.597048  0.0      14.000000      25.000000      37.000000  1.760000e+02
stats_movement_avg_powerslide_duration                26725.0       0.123495       0.080991  0.0       0.100000       0.120000       0.140000  3.590000e+00
stats_movement_avg_speed_percentage                   26725.0      61.083132      11.952119  0.0      59.347828      63.217392      66.652176  9.686957e+01
stats_movement_percent_slow_speed                     26725.0      53.530873      13.392915  0.0      47.048763      52.646435      59.311535  1.000000e+02
stats_movement_percent_boost_speed                    26725.0      33.718456       9.253084  0.0      30.920769      35.189550      38.948547  1.000000e+02
stats_movement_percent_supersonic_speed               26725.0      11.081822       6.113252  0.0       7.033099      10.697564      14.690880  8.139535e+01
stats_movement_percent_ground                         26725.0      55.892773      12.845010  0.0      51.210926      56.006767      60.847496  1.000000e+02
stats_movement_percent_low_air                        26725.0      37.443242      10.394598  0.0      34.229095      38.521492      42.502254  1.000000e+02
stats_movement_percent_high_air                       26725.0       4.995135       3.657921  0.0       2.578732       4.624414       6.914294  1.000000e+02
stats_positioning_avg_distance_to_ball                26725.0    2643.580580     676.417389  0.0    2302.000000    2594.000000    2934.000000  9.674000e+03
stats_positioning_avg_distance_to_ball_possession     26725.0    2427.537811     873.790474  0.0    2040.000000    2412.000000    2828.000000  9.624000e+03
stats_positioning_avg_distance_to_ball_no_possession  26725.0    2643.535379     778.264914  0.0    2345.000000    2663.000000    3005.000000  9.865000e+03
stats_positioning_avg_distance_to_mates               26725.0    3151.397156     766.724908  0.0    2856.000000    3194.000000    3539.000000  9.292000e+03
stats_positioning_percent_defensive_third             26725.0      51.216044      15.177987  0.0      43.110390      51.135340      58.522680  1.000000e+02
stats_positioning_percent_offensive_third             26725.0      16.157854       8.572176  0.0      11.457921      15.949205      20.688150  1.000000e+02
stats_positioning_percent_neutral_third               26725.0      30.957252      10.446287  0.0      26.457764      30.947000      36.172330  1.000000e+02
stats_positioning_percent_defensive_half              26725.0      68.586130      14.438551  0.0      62.734707      69.222336      75.569040  1.000000e+02
stats_positioning_percent_offensive_half              26725.0      29.745020      11.985382  0.0      23.937922      30.363626      36.786050  1.000000e+02
stats_positioning_percent_behind_ball                 26725.0      71.234629      13.704367  0.0      66.204240      71.876910      78.037640  1.000000e+02
stats_positioning_percent_infront_ball                26725.0      27.096522      10.683963  0.0      21.382290      27.744183      33.356876  1.000000e+02
stats_positioning_percent_most_back                   26725.0      43.465449      16.072945  0.0      34.035877      43.779835      52.942890  4.123711e+02
stats_positioning_percent_most_forward                26725.0      39.579676      15.838459  0.0      30.190159      39.544106      48.700462  4.123711e+02
stats_positioning_percent_closest_to_ball             26725.0      40.010032      14.811922  0.0      31.419804      39.594055      48.562935  4.123711e+02
stats_positioning_goals_against_while_last_defender   26725.0       0.950309       1.155964  0.0       0.000000       1.000000       2.000000  1.300000e+01
stats_positioning_percent_farthest_from_ball          26725.0      42.878175      15.620768  0.0      33.171757      43.087240      52.370724  4.123711e+02
stats_demo_inflicted                                  26725.0       0.350496       0.695902  0.0       0.000000       0.000000       1.000000  2.200000e+01
stats_demo_taken                                      26725.0       0.503012       0.845075  0.0       0.000000       0.000000       1.000000  1.800000e+01
rank_tier                                             26725.0      10.225145       9.575909  0.0       0.000000      16.000000      19.000000  2.200000e+01
rank_division                                         26725.0       1.304883       1.473990  0.0       0.000000       1.000000       3.000000  4.000000e+00
tod_sin                                               26725.0      -0.475525       0.499512 -1.0      -0.894350      -0.628812      -0.162178  9.999988e-01
tod_cos                                               26725.0       0.294469       0.661572 -1.0      -0.241428       0.518711       0.887949  1.000000e+00

--- Cluster 3 ---
                                                        count           mean           std         min            25%            50%            75%           max
team_result                                           75445.0       0.529260      0.506396    0.000000       0.000000       1.000000       1.000000  2.000000e+00
team_size                                             75445.0       2.001471      0.249139    1.000000       2.000000       2.000000       2.000000  4.000000e+00
duration                                              75445.0     342.828193     62.901313    1.000000     318.000000     352.000000     376.000000  2.170000e+03
overtime_seconds                                      75445.0       6.147883     31.451257    0.000000       0.000000       0.000000       0.000000  3.447000e+03
stats_core_shots                                      75445.0       4.289164      2.306097    0.000000       3.000000       4.000000       6.000000  7.800000e+01
stats_core_shots_against                              75445.0       8.100789      3.244813    0.000000       6.000000       8.000000      10.000000  7.500000e+01
stats_core_goals                                      75445.0       1.688581      1.449146    0.000000       1.000000       1.000000       2.000000  4.300000e+01
stats_core_goals_against                              75445.0       2.967804      1.788410    0.000000       2.000000       3.000000       4.000000  2.200000e+01
stats_core_saves                                      75445.0       2.036782      1.538208    0.000000       1.000000       2.000000       3.000000  2.500000e+01
stats_core_assists                                    75445.0       0.774365      0.886903    0.000000       0.000000       1.000000       1.000000  6.000000e+00
stats_core_score                                      75445.0     558.227212    240.806451    0.000000     399.000000     532.000000     683.000000  1.063000e+04
stats_core_shooting_percentage                        75445.0      38.928049     29.725202    0.000000      20.000000      33.333332      50.000000  3.000000e+02
stats_boost_bpm                                       75445.0     419.624932     56.195570    0.000000     385.000000     419.000000     453.000000  6.976000e+03
stats_boost_bcpm                                      75445.0     436.542127     53.864922    0.000000     400.254880     435.573270     471.750580  8.206545e+02
stats_boost_avg_amount                                75445.0      48.046678      4.891304    0.000000      44.810000      48.030000      51.280000  1.000000e+02
stats_boost_amount_collected                          75445.0    2336.520114    455.317827    0.000000    2057.000000    2354.000000    2635.000000  5.082000e+03
stats_boost_amount_stolen                             75445.0     495.215588    186.680415    0.000000     362.000000     486.000000     618.000000  1.502000e+03
stats_boost_amount_collected_big                      75445.0    1666.097555    442.239566    0.000000    1409.000000    1683.000000    1953.000000  4.033000e+03
stats_boost_amount_stolen_big                         75445.0     294.774763    161.615617    0.000000     184.000000     285.000000     395.000000  1.218000e+03
stats_boost_amount_collected_small                    75445.0     670.422559    310.881183    0.000000     534.000000     639.000000     747.000000  5.082000e+03
stats_boost_amount_stolen_small                       75445.0     200.440824     71.667249    0.000000     150.000000     195.000000     245.000000  6.870000e+02
stats_boost_count_collected_big                       75445.0      20.158513      5.436509    0.000000      17.000000      20.000000      24.000000  5.700000e+01
stats_boost_count_stolen_big                          75445.0       3.554762      1.885940    0.000000       2.000000       3.000000       5.000000  1.600000e+01
stats_boost_count_collected_small                     75445.0      56.349075     13.933170    0.000000      47.000000      56.000000      65.000000  1.400000e+02
stats_boost_count_stolen_small                        75445.0      17.583193      5.977647    0.000000      13.000000      17.000000      21.000000  4.900000e+01
stats_boost_amount_overfill                           75445.0     327.100656    169.890362    0.000000     206.000000     307.000000     427.000000  2.766000e+03
stats_boost_amount_overfill_stolen                    75445.0      55.046816     53.448662    0.000000      12.000000      41.000000      84.000000  5.020000e+02
stats_boost_amount_used_while_supersonic              75445.0     289.838359    136.615458    0.000000     190.000000     272.000000     371.000000  1.181000e+03
stats_boost_percent_zero_boost                        75445.0      12.737226      4.505216    0.000000       9.509912      12.360463      15.532854  4.375697e+01
stats_boost_percent_full_boost                        75445.0      11.246938      4.201984    0.000000       8.285536      10.648312      13.542542  4.198510e+01
stats_boost_percent_boost_0_25                        75445.0      35.193136      7.416423    0.000000      30.090921      35.046394      40.126170  1.000000e+02
stats_boost_percent_boost_25_50                       75445.0      22.256833      4.263539    0.000000      19.367395      22.093655      24.971258  5.445524e+01
stats_boost_percent_boost_50_75                       75445.0      16.611767      4.086636    0.000000      13.775573      16.357206      19.197850  3.757280e+01
stats_boost_percent_boost_75_100                      75445.0      25.918381      6.151113    0.000000      21.619816      25.518007      29.772345  6.126527e+01
stats_movement_avg_speed                              75445.0    1544.343323     75.647049   78.000000    1496.000000    1545.000000    1594.000000  2.001000e+03
stats_movement_total_distance                         75445.0  482603.205116  84535.601290   76.000000  448058.000000  495994.000000  529855.000000  2.805322e+06
stats_movement_time_powerslide                        75445.0       6.373256      2.461466    0.000000       4.710000       6.110000       7.680000  4.632000e+01
stats_movement_count_powerslide                       75445.0      57.806018     23.655965    0.000000      41.000000      55.000000      72.000000  2.720000e+02
stats_movement_avg_powerslide_duration                75445.0       0.114599      0.027780    0.000000       0.100000       0.110000       0.130000  7.500000e-01
stats_movement_avg_speed_percentage                   75445.0      67.145362      3.289002    3.391304      65.043480      67.173910      69.304344  8.700000e+01
stats_movement_percent_slow_speed                     75445.0      45.816448      5.550419    0.000000      42.113758      45.775590      49.403310  1.000000e+02
stats_movement_percent_boost_speed                    75445.0      38.096326      3.766154    0.000000      35.560253      38.052340      40.575294  8.701299e+01
stats_movement_percent_supersonic_speed               75445.0      16.087227      4.266413    0.000000      13.166202      15.857859      18.753126  5.966851e+01
stats_movement_percent_ground                         75445.0      54.287507      4.794670    0.000000      51.167637      54.329020      57.477093  9.490909e+01
stats_movement_percent_low_air                        75445.0      40.372525      4.157046    5.090909      37.610023      40.329144      43.055440  9.585799e+01
stats_movement_percent_high_air                       75445.0       5.339968      2.150813    0.000000       3.807217       5.147513       6.660608  2.239583e+01
stats_positioning_avg_distance_to_ball                75445.0    2320.346451    252.288406  659.000000    2173.000000    2328.000000    2484.000000  3.695000e+03
stats_positioning_avg_distance_to_ball_possession     75445.0    2145.258188    321.781364    0.000000    1955.000000    2155.000000    2354.000000  3.769000e+03
stats_positioning_avg_distance_to_ball_no_possession  75445.0    2473.217788    283.240478    0.000000    2291.000000    2472.000000    2654.000000  4.470000e+03
stats_positioning_avg_distance_to_mates               75445.0    2971.999549    589.080058    0.000000    2881.000000    3050.000000    3223.000000  8.608000e+03
stats_positioning_percent_defensive_third             75445.0      46.140439      6.101681    0.000000      42.108295      46.164417      50.193783  1.000000e+02
stats_positioning_percent_offensive_third             75445.0      21.559805      4.955788    0.000000      18.129620      21.269022      24.654860  1.000000e+02
stats_positioning_percent_neutral_third               75445.0      32.299756      3.795056    0.000000      29.771997      32.186268      34.653090  7.824676e+01
stats_positioning_percent_defensive_half              75445.0      63.481477      6.067349    0.000000      59.614190      63.678642      67.600760  1.000000e+02
stats_positioning_percent_offensive_half              75445.0      36.518523      6.067349    0.000000      32.399240      36.321358      40.385807  1.000000e+02
stats_positioning_percent_behind_ball                 75445.0      74.262158      5.001546    0.000000      71.070140      74.428200      77.617010  1.000000e+02
stats_positioning_percent_infront_ball                75445.0      25.737842      5.001546    0.000000      22.382980      25.571800      28.929863  1.000000e+02
stats_positioning_percent_most_back                   75445.0      51.758971     16.357606   11.937703      46.667690      50.585148      54.603306  3.571428e+03
stats_positioning_percent_most_forward                75445.0      51.141206     16.401336    0.000000      45.944004      49.869038      53.901780  3.571428e+03
stats_positioning_percent_closest_to_ball             75445.0      51.516600     16.132501   15.952144      46.649620      50.135720      53.739070  3.571428e+03
stats_positioning_goals_against_while_last_defender   75445.0       1.576725      1.418813    0.000000       1.000000       1.000000       2.000000  2.000000e+01
stats_positioning_percent_farthest_from_ball          75445.0      51.398782     16.257600    1.994018      46.764454      50.288372      53.851074  3.571428e+03
stats_demo_inflicted                                  75445.0       0.857061      0.972384    0.000000       0.000000       1.000000       1.000000  8.000000e+00
stats_demo_taken                                      75445.0       0.867824      0.969280    0.000000       0.000000       1.000000       1.000000  1.100000e+01
rank_tier                                             75445.0      13.620783      9.253207    0.000000       0.000000      19.000000      20.000000  2.200000e+01
rank_division                                         75445.0       1.617205      1.486356    0.000000       0.000000       2.000000       3.000000  4.000000e+00
tod_sin                                               75445.0      -0.449353      0.522141   -1.000000      -0.891863      -0.609742      -0.121797  9.999988e-01
tod_cos                                               75445.0       0.262221      0.675796   -1.000000      -0.311782       0.489890       0.880994  1.000000e+00
