76561198855414785
76561198994499073
76561198190649679
76561198835011719
76561198172231033
76561199083377130
76561198421850410
76561198374114599
76561198993620799
76561198313120352
76561198994891850
76561198398273595
76561198938949112
76561199054522367
76561198324436745
76561198285338811
76561198008942341
76561198317220726
76561198186359409
76561198248245792
76561198257597437
76561198095806444
76561199034360211
76561199121696334
76561199797959218
76561199000867228
76561198271524740
76561198306168245
76561199025766417
76561199078614046
76561198142901521
76561198130156848
76561199158396230
76561198330004896
76561198295582180
76561198872252743
76561198060835830
76561199804566818
76561198338838316
76561198210840759
76561198057814487
76561198192495949
76561198339720952
76561199057176723
76561199024556428
76561198143829403
76561199139694917
76561198957600730
76561198858034055
76561198993647591
76561198040763164
76561198271539164
76561198400128026
76561198799503386
76561198049067390
76561198254310512
76561198371626367
76561198348905175
76561198222712376
76561199063360256
76561198320590270
76561199849467308
76561198256084556
76561198264733003
76561198868027192
76561199014282657
76561199066140308
76561197989719817
76561198799226472
76561198250053238
76561199028508279
76561198191243969
76561198124486806
76561199031011544
76561199077230018
76561198116748626
76561198882392803
76561199051952707
76561198026363241
76561198239841992
76561198995104581
76561198979359030
76561198358612428
76561198273335578
76561198117069549
76561198887313801
76561198803478216
76561198422389070
76561198087548781
76561198871307222
76561198994731995
76561198238632368
76561198348166718
76561198264881446
76561198996428686
76561198057039145
76561198319342187
76561199028204343
76561198236724386
76561198036895317
76561198954831299
76561198226038000
76561198278129763
76561198421885253
76561198302353198
76561198064790093
76561199012930984
76561198271865103
76561198052875597
76561198122408546
76561198167259879
76561198338480368
76561198147018628
76561199026475759
76561198154281507
76561198964995831
76561198279302646
76561198301569429
76561199014194839
76561198082860935
76561198248218764
76561198968062820
76561198837392574
76561198208164573
76561198321222367
76561198972149800
76561198912726710
76561199022225864
76561199006598069
76561198961481450
76561198266926963
76561198317452797
76561198964477523
76561198382086299
76561199045705433
76561198161183792
76561199084665742
76561198317815414
76561199058783173
76561198361974590
76561198452794943
76561198277792349
76561198322916196
76561198202714123
76561198244380234
76561198139035382
76561198410325837
76561198160368895
76561198110938033
76561198375239232
76561199057418188
76561198963290663
76561198910394979
76561198200721087
76561199017368801
76561198290634993
76561198314977473
76561198159122087
76561199028346714
76561198321270094
76561198244533034
76561199012003542
76561198128341228
76561198189136869
76561198811008973
76561198326243608
76561198376475291
76561198309852184
76561199060083325
76561197999800389
76561198230852372
76561198077072980
76561198298677270
76561198318064766
76561198283735245
76561198353560203
76561198858577236
76561198362231172
76561198988909861
76561198204757488
76561198306364002
76561198378604164
76561198212660633
76561198801107871
76561198398960386
76561198334882701
76561198225765904
76561199004194633
76561198409391250
76561198272326002
76561198447571439
76561198337379137
76561198194213507
76561198260626274
76561198389020382
76561198365194278
76561199087315215
76561198340548623
76561198869500204
76561198305875620
76561198336101978
76561198212650645
76561198102950813
76561198422425270
76561199027518961
76561198393066009
76561198271935280
76561198324611294
76561199046973190
76561198214779025
76561198091338118
76561198371616998
76561198293102080
76561198966344961
76561199023273576
76561198300223206
76561198170002178
76561198955697115
76561199059607098
76561198259255355
76561198400619547
76561198301643198
76561198924247819
76561198414810587
76561197970062137
76561198197444291
76561198386388704
76561198331962716
76561198218808953
76561198166089763
76561198227398932
76561198166478052
76561198173401703
76561198273359532
76561198171388463
76561198241771786
76561198398184841
76561198374108291
76561198127245242
76561198452112978
76561198069218993
76561198331593937
76561198799489415
76561198987304981
76561198289247166
76561198209259525
76561198075751245
76561198145508829
76561199033600952
76561198243332356
76561198209025781
76561198061358370
76561198369376513
76561198857717243
76561198142590401
76561198326075229
76561198218072327
76561198961108033
76561198223910192
76561198304884266
76561199090274086
76561198958894725
76561198334821706
76561198130256026
76561198214792865
76561198333898794
76561198245278574
76561198208020895
76561198868458622
76561199089526929
76561199011959206
76561198190208233
76561199124282986
76561198121956386
76561198411651522
76561198232351420
76561198814922604
76561198305013146
76561198419186308
76561198832928372
76561198228154592
76561198427966695
76561198151232594
76561198309749772
76561198323024788
76561198452194386
76561198335501760
76561198993391411
76561198297020722
76561198271786244
76561198094127380
76561198385955423
76561198254422833
76561198350451456
76561198397561225
76561198315344159
76561199002625578
76561198207951679
76561199062382835
76561198213011329
76561198109609624
76561198264306109
76561198029145747
76561198331533281
76561198428518635
76561198020386512
76561198184543853
76561198247628402
76561198078781160
76561198992301782
76561198353158366
76561198368725994
76561198103424021
76561199013541842
76561198217592123
76561198300678165
76561198320085394
76561198118913659
76561198933279399
76561198860997501
76561198179209639
76561198412899422
76561198361155165
76561198136943749
76561198879547198
76561199036453943
76561198870994945
76561198259451727
76561198416533123
76561198280613439
76561198408102794
76561199062862681
76561198834668369
76561198278555291
76561198318462912
76561198989026739
76561198213480819
76561198171595197
76561199036560802
76561198815943451
76561198288947634
76561198422593044
76561198372286624
76561198261259227
76561198966094564
76561198157218152
76561198020182660
76561198207855993
76561198067251591
76561198961788304
76561198841689184
76561199044326562
76561199082042704
76561198172514409
76561198138795548
76561198250841810
76561198304998481
76561198330399298
76561198823989630
76561198028259442
76561199011204159
76561198337129111
76561198881908208
76561198306764481
76561198798190622
76561198300482988
76561198882361123
76561198442907371
76561198374128302
76561198357346555
76561198259194120
76561198035554946
76561198144195798
76561198225325748
76561198328635981
76561198179070893
76561198238141824
76561198834591187
76561198052884991
76561198215783408
76561198219453101
76561198283745440
76561198198810922
76561198421168741
76561198160935354
76561198302342432
76561198452208012
76561198336903267
76561198873575105
76561199044999658
76561198105686152
76561198953844039
76561198182178694
76561198416272829
76561198353162174
76561199013039311
76561198038963553
76561198167367201
76561198132693654
76561198390174777
76561198132693654
76561199078321065
76561198141228086
76561198104029063
76561198218284955
76561198421882888
76561198368902028
76561198206446224
76561198437824143
76561198378477324
76561199013122310
76561198192263210
76561198809249667
76561198297971932
76561198211342189
76561197961588085
76561198054546438
76561198211622639
76561198362012738
76561198838604669
76561198070209353
76561198931217675
76561198058721510
76561198200943875
76561198137955199
76561198424299046
76561198800569524
76561198091619773
76561198121706520
76561198259581394
76561198338291565
76561198161896806
76561198247954898
76561198378304420
76561198929215176
76561199062344597
76561198338465657
76561199018063026
76561198212372665
76561198195838429
76561199021542395
76561198814750038
76561198815230313
76561199063302115
76561198387736088
76561199015675625
76561198895825751
76561199005472708
76561198306631073
76561198256017201
76561198117440117
76561198798103121
76561198170348801
76561198079293520
76561198860150481
76561198358582122
76561198149387256
76561198323013093
76561198745336563
76561198252266914
76561198390438887
76561198015262921
76561199068411604
76561198272244962
76561198269144831
76561198952313263
76561198261144497
76561198996462315
76561198096293396
76561199060328488
76561197994929427
76561198799998633
76561198151344058
76561198161253584
76561198867557703
76561198038158783
76561198203157078
76561197986000812
76561198259636065
76561198033631442
76561198295335362
76561198357061816
76561198111907915
76561199000121718
76561198818766483
76561198334040627
76561198351724990
76561198356629109
76561198087804918
76561197990271890
76561198274326922
76561198042812292
76561198346664818
76561198285430644
76561198348383143
76561198853550444
76561198417834936
76561198136792434
76561198070669192
76561198208048317
76561198274326922
76561198348383143
76561198259908664
76561198031979962
76561198392495726
76561198333116615
76561199044102279
76561198293500209
76561199041672103
76561198418558359
76561198285498800
76561198334567412
76561198356105510
76561198118270825
76561198300927698
76561198250303190
76561198448824198
76561198439020241
76561198380329501
76561199093041878
76561198288288629
76561198871032388
76561199017450527
76561198295707123
76561198144948284
76561198212931001
76561198053037749
76561199061931989
76561198871680969
76561198248118492
76561198315233500
76561198129821098
76561198818198055
76561199071728840
76561198021548364
76561198366264808
76561198355191984
76561198971776461
76561198264417980
76561198216090596
76561198834843726
76561198316515683
76561198337722699
76561198081727865
76561198389765822
76561198188404218
76561198103986082
76561198871876841
76561199095211697
76561198118578787
76561198342931721
76561198355633893
76561198336154348
76561198212200047
76561199042591558
76561199021179414
76561198056307121
76561197997887170
76561198294627144
76561198239166368
76561198086796089
76561198930605903
76561198258345416
76561198284585407
76561198841386538
76561198243979200
76561198435176322
76561198875839969
76561199029841786
76561198227949348
76561198906618811
76561198178066794
76561198053144019
76561198992483572
76561199052445293
76561198049428463
76561198142241963
76561198857670783
76561198382713569
76561199002759596
76561198102709787
76561199029919987
76561198209284669
76561199082520887
76561198082246116
76561198272351058
76561198419997224
76561198398009650
76561198383158977
76561198976982525
76561198977309883
76561198352939951
76561199093989330
76561198135268105
76561199070439718
76561199081898616
76561198023013075
76561198154554553
76561198346864527
76561198801139583
76561198079701839
76561198319610608
76561199083487979
76561198323604528
76561198310394463
76561198380449308
76561198179610417
76561198353137082
76561199062636634
76561198333573822
76561199053939730
76561198999026791
76561198843793053
76561198353158154
76561198288928537
76561198258017954
76561199053493547
76561198255522278
76561198362719349
76561198079335025
76561198089043750
76561198087208411
76561199008332036
76561198798934391
76561198106356301
76561198448598021
76561198077498803
76561198281659036
76561198100030376
76561198798931564
76561198313602910
76561198880734202
76561198282619163
76561198993096547
76561198284596141
76561198209299359
76561198405729086
76561198939626961
76561198088078009
76561197995949953
76561198836172657
76561198189179003
76561199057467823
76561199025129331
76561198012597180
76561198166082763
76561198344403738
76561199020605309
76561198993790534
76561198180764210
76561198163317427
76561198262742206
76561198279380816
76561198336354101
76561198062923628
76561198885749211
76561198068311590
76561199059040150
76561198182357349
76561198967416262
76561198340361776
76561198334503289
76561199058128907
76561198299587856
76561198817590582
76561198192751290
76561198267197764
76561198323583070
76561198394034332
76561199063908718
76561198155162033
76561197970003997
76561198309210408
76561198120012774
76561198318785045
76561198999152159
76561198303456039
76561198251615912
76561198903061610
76561198120334738
76561198118637782
76561198371391367
76561198361382705
76561198323901790
76561198240678496
76561197960320249
76561198216083939
76561198986997484
76561198348183023
76561198139411495
76561199080963876
76561199062774578
76561198268001143
76561198838593148
76561198214055435
76561198314415602
76561198398503901
76561198192839417
76561198153037120
76561198186279621
76561198800691688
76561198409807916
76561198175672362
76561198166723431
76561199029502125
76561198810102540
76561199251970599
76561198073592184
76561198362120240
76561198330975223
76561198244467850
76561198370586447
76561199143340473
76561198097768610
76561198998166896
76561198011948188
76561198880450161
76561198216492385
76561198214491267
76561198311665740
76561198199850645
76561198809799728
76561198839594382
76561198166455024
76561198435837917
76561199013284271
76561198066874328
76561198383804819
76561198084798987
76561198213723260
76561199032721299
76561198310082583
76561198029866545
76561198334272768
76561198319741890
76561198346035162
76561198414481004
76561198372412592
76561198132709719
76561198446131302
76561198122400756
76561198299460130
76561198120131160
76561198157335091
76561198357048859
76561198866939060
76561198334097875
76561198797540051
76561198093810550
76561198357632808
76561198239938102
76561198098462733
76561198398457727
76561198011566686
76561198168796264
76561198261808392
76561198385659995
76561198163989630
76561198330344755
76561199012895675
76561198375288250
76561198371881990
76561198354172927
76561198798075398
76561198969355358
76561198363817974
76561198034227041
76561198281172106
76561198245580046
76561198324155034
76561198277083567
76561198878827384
76561198967415940
76561198353515806
76561198248551640
76561198271664657
76561198134261344
76561198983006672
76561198968599456
76561198092242625
76561198984645110
76561198183861538
76561198043588865
76561198252342046
76561199111638990
76561199050745438
76561198994417297
76561197970539134
76561197972277495
76561198202220728
76561198124750141
76561199022180702
76561198282713896
76561198310436182
76561198316375448
76561198368546130
76561198929469714
76561199030909760
76561198361198603
76561198241807038
76561198415471397
76561198828096914
76561198249014048
76561199010324713
76561198307776159
76561198076879037
76561198297399169
76561199037026985
76561199039767582
76561198147877108
76561199020512630
76561198260129210
76561198346821431
76561198931834312
76561198363609571
76561198814658632
76561198079947926
76561198257682914
76561198364789046
76561198145255786
76561198334687162
76561198834013818
76561199002898070
76561199042445686
76561198365224438
76561198170396195
76561198143498955
76561198081343812
76561198271564857
76561198856708219
76561198411026328
76561198355230846
76561198244881758
76561198880945700
76561198090496036
76561198275044615
76561198354594907
76561198048547802
76561198305032239
76561198074332411
76561198274089628
76561198871973562
76561198347698812
76561198343165079
76561198248197760
76561198350302018
76561198080655199
76561198359593374
76561198082949515
76561198147922887
76561198122376232
76561198438549779
76561198133821749
76561199003239722
76561198440792891
76561198131583531
76561198228853420
76561198315302265
76561198201089914
76561198844015935
76561199086596667
76561199016505254
76561198057995880
76561198861674056
76561198258228174
76561198421494564
76561198069092873
76561198116303556
76561198393958687
76561198121617381
76561198333594441
76561198355748318
76561198813982187
76561198852770448
76561198836367885
76561198342081613
76561198261427439
76561198951084006
76561198099809769
76561198087951903
76561198143681588
76561198275970991
76561198079700298
76561198354939447
76561198114272927
76561198024860762
76561198189935410
76561199042612600
76561198800679037
76561198329692236
76561198155677739
76561198798902783
76561198208226759
76561198150052618
76561198001082460
76561198052249816
76561198117106012
76561198440374831
76561198345822256
76561198119599093
76561198282171657
76561198059797692
76561198207331991
76561198091503662
76561199008311034
76561198134897717
76561198969401911
76561198237957438
76561198073457837
76561198244794880
76561199022787919
76561198970153384
76561199002225094
76561198089225861
76561198105851575
76561198860978606
76561197990463444
76561199077678560
76561198363013280
76561198216391989
76561198114741520
76561198349232112
76561198218111775
76561198322136168
76561197987985374
76561198044429501
76561198301807386
76561198307625431
76561198856913002
76561198325713228
76561198839080644
76561199028918813
76561198362681418
76561198895031332
76561199041427376
76561198326786197
76561199058471377
76561199024082863
76561198011563284
76561198192510486
76561199000925062
76561198071668244
76561198195708998
76561198321406087
76561198310458814
76561198837889870
76561198335034401
76561198321052376
76561198423688685
76561198362566414
76561198309567373
76561198065059740
76561198244626006
76561198366805316
76561199003527039
76561198263817162
76561198331864804
76561198335949243
76561199024157051
76561198377643706
76561198001589300
76561198430023485
76561199055816376
76561198807774226
76561198345176837
76561198132301086
76561198313592639
76561197961288831
76561198193879346
76561198353707848
76561198173099323
76561198887532110
76561198399560047
76561197979332267
76561198350364373
76561198226109608
76561198355081672
76561198140486889
76561198278411836
76561198308264803
76561198249980000
76561198148803012
76561198386652595
76561198103947446
76561198093904522
76561198153738529
76561198365427356
76561198092586995
76561199066119942
76561198246184812
76561198296644422
76561198841820345
76561198386979177
76561198302130924
76561198271675561
76561198210572936
76561198295792553
76561198406496062
76561198365841684
76561198867296393
