Deskriptive Statistiken der Features pro Cluster (Mittelwert, Standardabweichung, etc.):

--- Cluster 0 ---
                                                        count           mean            std          min            25%            50%            75%           max
team_result                                           54002.0       0.553461       0.503799     0.000000       0.000000       1.000000       1.000000  2.000000e+00
overtime_seconds                                      54002.0      45.310248     123.075134     0.000000       0.000000       0.000000      55.000000  3.447000e+03
stats_core_shots                                      54002.0       3.752213       2.226725     0.000000       2.000000       3.000000       5.000000  5.400000e+01
stats_core_shots_against                              54002.0       8.230751       5.777732     0.000000       6.000000       8.000000      10.000000  1.260000e+02
stats_core_goals                                      54002.0       1.090589       1.103979     0.000000       0.000000       1.000000       2.000000  2.000000e+01
stats_core_goals_against                              54002.0       2.661513       2.776702     0.000000       1.000000       2.000000       3.000000  6.900000e+01
stats_core_saves                                      54002.0       1.551406       1.400171     0.000000       1.000000       1.000000       2.000000  3.600000e+01
stats_core_assists                                    54002.0       0.736769       0.849536     0.000000       0.000000       1.000000       1.000000  6.000000e+00
stats_core_score                                      54002.0     452.766860     213.348803     0.000000     307.000000     422.000000     563.000000  4.883000e+03
stats_core_shooting_percentage                        54002.0      28.827381      28.998831     0.000000       0.000000      25.000000      50.000000  3.000000e+02
stats_boost_bpm                                       54002.0     437.821970      82.540491     0.000000     405.000000     437.000000     469.000000  1.382500e+04
stats_boost_bcpm                                      54002.0     454.509780      61.391116     0.000000     421.045308     454.342630     487.522340  8.081632e+03
stats_boost_avg_amount                                54002.0      50.434480       4.621360     7.060000      47.370000      50.420000      53.460000  1.000000e+02
stats_boost_amount_collected                          54002.0    2825.520833     586.273160     0.000000    2481.000000    2719.000000    3034.000000  1.373000e+04
stats_boost_amount_stolen                             54002.0     756.654105     226.332879     0.000000     615.000000     734.000000     866.000000  5.435000e+03
stats_boost_amount_collected_big                      54002.0    2040.080053     474.764974     0.000000    1749.000000    1981.000000    2250.000000  1.044100e+04
stats_boost_amount_stolen_big                         54002.0     481.909244     193.724495     0.000000     355.000000     467.000000     589.000000  3.923000e+03
stats_boost_amount_collected_small                    54002.0     785.440780     230.289096     0.000000     640.000000     747.000000     882.000000  3.766000e+03
stats_boost_amount_stolen_small                       54002.0     274.744861      95.519839     0.000000     212.000000     263.000000     321.000000  1.852000e+03
stats_boost_count_collected_big                       54002.0      24.964631       6.072890     0.000000      21.000000      24.000000      28.000000  2.490000e+02
stats_boost_count_stolen_big                          54002.0       5.851006       2.312854     0.000000       4.000000       6.000000       7.000000  7.400000e+01
stats_boost_count_collected_small                     54002.0      68.678049      19.488730     0.000000      56.000000      66.000000      77.000000  7.610000e+02
stats_boost_count_stolen_small                        54002.0      23.764435       8.008366     0.000000      19.000000      23.000000      28.000000  4.190000e+02
stats_boost_amount_overfill                           54002.0     435.645476     207.024677     0.000000     293.000000     407.000000     542.000000  5.612000e+03
stats_boost_amount_overfill_stolen                    54002.0      95.910114      74.834826     0.000000      40.000000      83.000000     135.000000  1.839000e+03
stats_boost_amount_used_while_supersonic              54002.0     407.575294     176.425597     0.000000     285.000000     383.000000     502.000000  4.083000e+03
stats_boost_percent_zero_boost                        54002.0      12.133324       4.234260     0.000000       9.145912      11.776332      14.723792  3.799501e+01
stats_boost_percent_full_boost                        54002.0      11.433460       4.117539     0.000000       8.517689      10.837563      13.648367  4.471144e+01
stats_boost_percent_boost_0_25                        54002.0      33.598432       6.935169     0.000000      28.874349      33.449128      38.145274  1.000000e+02
stats_boost_percent_boost_25_50                       54002.0      20.971876       3.887858     0.000000      18.291442      20.872892      23.531820  5.252748e+01
stats_boost_percent_boost_50_75                       54002.0      17.726507       3.839275     0.000000      15.070666      17.534605      20.148201  4.242808e+01
stats_boost_percent_boost_75_100                      54002.0      27.680964       5.912765     0.000000      23.559580      27.337867      31.454432  1.000000e+02
stats_movement_avg_speed                              54002.0    1602.686604      72.201621   999.000000    1555.000000    1602.000000    1649.000000  2.168000e+03
stats_movement_total_distance                         54002.0  585763.409614  124322.504419   701.000000  519358.500000  550677.000000  615447.500000  3.006909e+06
stats_movement_time_powerslide                        54002.0       7.638613       3.012239     0.000000       5.650000       7.140000       9.000000  5.103000e+01
stats_movement_count_powerslide                       54002.0      72.777119      29.656388     0.000000      52.000000      68.000000      88.000000  5.250000e+02
stats_movement_avg_powerslide_duration                54002.0       0.108182       0.023153     0.000000       0.090000       0.110000       0.120000  5.300000e-01
stats_movement_avg_speed_percentage                   54002.0      69.682026       3.139201    43.434784      67.608696      69.652176      71.695656  9.426087e+01
stats_movement_percent_slow_speed                     54002.0      40.995020       5.295685     0.000000      37.549462      40.990959      44.515430  8.431995e+01
stats_movement_percent_boost_speed                    54002.0      40.418570       3.741344     7.516429      37.917225      40.388665      42.891012  1.000000e+02
stats_movement_percent_supersonic_speed               54002.0      18.586410       4.642271     0.000000      15.392453      18.278983      21.406280  7.733168e+01
stats_movement_percent_ground                         54002.0      54.402529       4.690814    13.167260      51.379921      54.441209      57.500879  9.297314e+01
stats_movement_percent_low_air                        54002.0      39.657452       4.101230     5.806377      36.937544      39.580170      42.270857  8.683274e+01
stats_movement_percent_high_air                       54002.0       5.940019       2.121168     0.000000       4.447286       5.798500       7.286188  1.853765e+01
stats_positioning_avg_distance_to_ball                54002.0    2713.304637     314.521224  1180.000000    2500.000000    2740.000000    2933.000000  6.406000e+03
stats_positioning_avg_distance_to_ball_possession     54002.0    2554.343228     368.006716     0.000000    2305.000000    2574.000000    2810.000000  5.158000e+03
stats_positioning_avg_distance_to_ball_no_possession  54002.0    2866.453594     333.199279     0.000000    2645.000000    2882.000000    3093.000000  5.845000e+03
stats_positioning_avg_distance_to_mates               54002.0    3553.258694     334.162761     0.000000    3343.000000    3606.000000    3786.000000  8.172000e+03
stats_positioning_percent_defensive_third             54002.0      42.831390       5.807311     0.000000      39.019200      42.871443      46.717503  6.683710e+01
stats_positioning_percent_offensive_third             54002.0      24.761743       4.864871     0.000000      21.446030      24.426882      27.751675  1.000000e+02
stats_positioning_percent_neutral_third               54002.0      32.406866       3.454110     0.000000      30.087950      32.359220      34.662077  1.000000e+02
stats_positioning_percent_defensive_half              54002.0      59.517065       5.823629     0.000000      55.799672      59.743919      63.459460  8.333334e+01
stats_positioning_percent_offensive_half              54002.0      40.482935       5.823629    16.666668      36.540539      40.256079      44.200328  1.000000e+02
stats_positioning_percent_behind_ball                 54002.0      70.449939       5.455022     0.000000      67.355900      70.771933      74.053715  1.000000e+02
stats_positioning_percent_infront_ball                54002.0      29.550061       5.455022     0.000000      25.946283      29.228063      32.644103  1.000000e+02
stats_positioning_percent_most_back                   54002.0      36.389372       9.187564     0.000000      29.700997      34.317203      43.072542  9.966097e+01
stats_positioning_percent_most_forward                54002.0      40.219645       9.193180     0.000000      33.454958      37.977282      46.937048  9.966097e+01
stats_positioning_percent_closest_to_ball             54002.0      38.725238       8.425574     0.000000      32.656035      36.224185      44.800479  9.966097e+01
stats_positioning_goals_against_while_last_defender   54002.0       0.969890       1.049708     0.000000       0.000000       1.000000       1.000000  1.700000e+01
stats_positioning_percent_farthest_from_ball          54002.0      37.981305       9.072450     0.000000      31.350982      35.475727      44.910066  9.966097e+01
stats_demo_inflicted                                  54002.0       1.392541       1.325597     0.000000       0.000000       1.000000       2.000000  1.700000e+01
stats_demo_taken                                      54002.0       1.000259       1.108609     0.000000       0.000000       1.000000       2.000000  1.800000e+01
tod_sin                                               54002.0      -0.540315       0.467876    -1.000000      -0.905815      -0.705098      -0.309017  9.999851e-01
tod_cos                                               54002.0       0.394524       0.577506    -1.000000       0.069321       0.583955       0.862477  1.000000e+00

--- Cluster 1 ---
                                                        count           mean           std          min            25%            50%            75%           max
team_result                                           94385.0       0.481687      0.502058     0.000000       0.000000       0.000000       1.000000  2.000000e+00
overtime_seconds                                      94385.0       6.893818     34.682385     0.000000       0.000000       0.000000       0.000000  1.795000e+03
stats_core_shots                                      94385.0       2.342788      1.532159     0.000000       1.000000       2.000000       3.000000  1.500000e+01
stats_core_shots_against                              94385.0       7.656873      3.329183     0.000000       5.000000       7.000000      10.000000  9.000000e+01
stats_core_goals                                      94385.0       0.732256      0.864843     0.000000       0.000000       1.000000       1.000000  8.000000e+00
stats_core_goals_against                              94385.0       2.395677      1.669478     0.000000       1.000000       2.000000       3.000000  3.800000e+01
stats_core_saves                                      94385.0       1.289018      1.163701     0.000000       0.000000       1.000000       2.000000  9.000000e+00
stats_core_assists                                    94385.0       0.557758      0.749720     0.000000       0.000000       0.000000       1.000000  6.000000e+00
stats_core_score                                      94385.0     329.661789    145.218578     0.000000     223.000000     314.000000     419.000000  1.193000e+03
stats_core_shooting_percentage                        94385.0      28.302018     34.725770     0.000000       0.000000      20.000000      50.000000  3.000000e+02
stats_boost_bpm                                       94385.0     372.473084     48.565247     0.000000     341.000000     373.000000     404.000000  1.031000e+03
stats_boost_bcpm                                      94385.0     386.549479     50.066105     0.000000     353.760380     386.744350     419.195250  8.144221e+02
stats_boost_avg_amount                                94385.0      49.556997      5.381987     0.000000      46.000000      49.550000      53.020000  1.000000e+02
stats_boost_amount_collected                          94385.0    2088.029931    362.944877     0.000000    1874.000000    2108.000000    2327.000000  4.150000e+03
stats_boost_amount_stolen                             94385.0     413.172951    149.595812     0.000000     306.000000     408.000000     515.000000  1.165000e+03
stats_boost_amount_collected_big                      94385.0    1424.549621    336.082049     0.000000    1211.000000    1435.000000    1649.000000  2.998000e+03
stats_boost_amount_stolen_big                         94385.0     228.519606    132.954267     0.000000     124.000000     210.000000     308.000000  8.790000e+02
stats_boost_amount_collected_small                    94385.0     663.480309    194.936848     0.000000     548.000000     654.000000     766.000000  3.576000e+03
stats_boost_amount_stolen_small                       94385.0     184.653345     69.510856     0.000000     136.000000     178.000000     227.000000  8.500000e+02
stats_boost_count_collected_big                       94385.0      17.180548      4.036837     0.000000      15.000000      17.000000      20.000000  1.000000e+02
stats_boost_count_stolen_big                          94385.0       2.769805      1.557773     0.000000       2.000000       3.000000       4.000000  1.000000e+01
stats_boost_count_collected_small                     94385.0      56.987424     14.166365     0.000000      48.000000      57.000000      66.000000  5.910000e+02
stats_boost_count_stolen_small                        94385.0      15.895916      5.494599     0.000000      12.000000      16.000000      19.000000  8.400000e+01
stats_boost_amount_overfill                           94385.0     284.553933    139.731412     0.000000     183.000000     267.000000     366.000000  1.221000e+03
stats_boost_amount_overfill_stolen                    94385.0      45.937204     46.719067     0.000000       8.000000      32.000000      71.000000  5.920000e+02
stats_boost_amount_used_while_supersonic              94385.0     225.237167    113.854955     0.000000     142.000000     211.000000     293.000000  1.240000e+03
stats_boost_percent_zero_boost                        94385.0      11.443181      4.663843     0.000000       8.107476      10.988919      14.307574  4.684357e+01
stats_boost_percent_full_boost                        94385.0      11.459033      4.921908     0.000000       7.929355      10.656536      14.065878  5.352264e+01
stats_boost_percent_boost_0_25                        94385.0      33.135210      8.372604     0.000000      27.347063      32.898987      38.656420  9.643606e+01
stats_boost_percent_boost_25_50                       94385.0      21.973732      4.754861     0.000000      18.702572      21.765318      25.028326  5.799373e+01
stats_boost_percent_boost_50_75                       94385.0      18.004056      4.675172     0.000000      14.745689      17.719688      20.962845  5.244729e+01
stats_boost_percent_boost_75_100                      94385.0      26.837206      7.143050     0.000000      21.802122      26.349090      31.324076  1.000000e+02
stats_movement_avg_speed                              94385.0    1520.443301     75.903622  1086.000000    1470.000000    1520.000000    1570.000000  2.159000e+03
stats_movement_total_distance                         94385.0  481481.262881  72272.241495  1959.000000  459755.000000  489713.000000  516270.000000  2.140019e+06
stats_movement_time_powerslide                        94385.0       6.370669      2.393625     0.000000       4.760000       6.140000       7.680000  4.192000e+01
stats_movement_count_powerslide                       94385.0      58.418870     23.778716     0.000000      42.000000      56.000000      72.000000  2.650000e+02
stats_movement_avg_powerslide_duration                94385.0       0.113379      0.027883     0.000000       0.100000       0.110000       0.130000  9.800000e-01
stats_movement_avg_speed_percentage                   94385.0      66.106230      3.300157    47.217392      63.913044      66.086960      68.260870  9.386957e+01
stats_movement_percent_slow_speed                     94385.0      47.086684      5.858085     0.000000      43.178580      47.024654      50.965454  7.370663e+01
stats_movement_percent_boost_speed                    94385.0      39.327235      4.089388    16.944880      36.578033      39.299890      42.056450  6.965517e+01
stats_movement_percent_supersonic_speed               94385.0      13.586081      4.153937     1.538767      10.714185      13.269341      16.116531  5.782480e+01
stats_movement_percent_ground                         94385.0      56.416719      5.002171    12.526516      53.248093      56.412540      59.602856  1.000000e+02
stats_movement_percent_low_air                        94385.0      38.222526      4.390295     0.000000      35.372290      38.160580      40.968690  8.713491e+01
stats_movement_percent_high_air                       94385.0       5.360755      2.121690     0.000000       3.867049       5.220632       6.669694  3.000323e+01
stats_positioning_avg_distance_to_ball                94385.0    2901.350522    255.958858  1667.000000    2732.000000    2890.000000    3058.000000  6.153000e+03
stats_positioning_avg_distance_to_ball_possession     94385.0    2798.477798    324.095652     0.000000    2584.000000    2788.000000    3001.000000  6.838000e+03
stats_positioning_avg_distance_to_ball_no_possession  94385.0    2991.070721    290.435806     0.000000    2799.000000    2978.000000    3166.000000  9.865000e+03
stats_positioning_avg_distance_to_mates               94385.0    3643.073656    241.974776  2051.000000    3492.000000    3642.000000    3792.000000  7.823000e+03
stats_positioning_percent_defensive_third             94385.0      48.432494      6.592188     0.000000      44.091290      48.481510      52.838333  8.030212e+01
stats_positioning_percent_offensive_third             94385.0      19.798853      4.872915     1.715439      16.449898      19.540722      22.789200  8.469435e+01
stats_positioning_percent_neutral_third               94385.0      31.768653      4.028104     5.155082      29.074827      31.703580      34.394558  6.760847e+01
stats_positioning_percent_defensive_half              94385.0      65.396977      6.255024     0.000000      61.403990      65.586730      69.683430  9.047531e+01
stats_positioning_percent_offensive_half              94385.0      34.603023      6.255024     9.524688      30.316570      34.413260      38.596004  1.000000e+02
stats_positioning_percent_behind_ball                 94385.0      71.542974      5.336008     0.000000      68.160320      71.733215      75.119380  1.000000e+02
stats_positioning_percent_infront_ball                94385.0      28.457026      5.336008     0.000000      24.880623      28.266788      31.839685  1.000000e+02
stats_positioning_percent_most_back                   94385.0      35.325515      6.576085     0.549149      31.088825      34.952680      38.940216  1.005469e+02
stats_positioning_percent_most_forward                94385.0      33.034799      6.145831     0.000000      29.045523      32.532870      36.308850  9.691096e+01
stats_positioning_percent_closest_to_ball             94385.0      33.200040      4.713481     0.000000      30.109848      32.926582      35.891630  7.463762e+01
stats_positioning_goals_against_while_last_defender   94385.0       0.802257      0.913126     0.000000       0.000000       1.000000       1.000000  8.000000e+00
stats_positioning_percent_farthest_from_ball          94385.0      35.085234      6.533164     0.000000      31.061730      34.450798      38.063793  9.750813e+01
stats_demo_inflicted                                  94385.0       0.822376      0.977157     0.000000       0.000000       1.000000       1.000000  2.000000e+01
stats_demo_taken                                      94385.0       0.969847      1.033933     0.000000       0.000000       1.000000       2.000000  1.300000e+01
tod_sin                                               94385.0      -0.565567      0.443236    -1.000000      -0.907105      -0.725725      -0.353679  9.999988e-01
tod_cos                                               94385.0       0.409143      0.562391    -1.000000       0.123529       0.584899       0.858475  1.000000e+00

--- Cluster 2 ---
                                                        count           mean            std  min            25%            50%            75%           max
team_result                                           22832.0       0.428127       0.573152  0.0       0.000000       0.000000       1.000000  2.000000e+00
overtime_seconds                                      22832.0       7.225604      68.866267  0.0       0.000000       0.000000       0.000000  3.447000e+03
stats_core_shots                                      22832.0       5.646987      14.149453  0.0       0.000000       1.000000       3.000000  1.330000e+02
stats_core_shots_against                              22832.0      18.539243      37.759396  0.0       3.000000       6.000000      10.000000  2.350000e+02
stats_core_goals                                      22832.0       0.542528       0.896772  0.0       0.000000       0.000000       1.000000  1.500000e+01
stats_core_goals_against                              22832.0       2.545375       2.151799  0.0       1.000000       2.000000       4.000000  3.700000e+01
stats_core_saves                                      22832.0       0.982787       1.392400  0.0       0.000000       1.000000       2.000000  4.100000e+01
stats_core_assists                                    22832.0       0.321128       0.626090  0.0       0.000000       0.000000       0.000000  6.000000e+00
stats_core_score                                      22832.0     269.663849     272.318665  0.0      84.000000     200.000000     368.000000  4.961000e+03
stats_core_shooting_percentage                        22832.0      20.812600      35.735907  0.0       0.000000       0.000000      33.333332  2.000000e+02
stats_boost_bpm                                       22832.0     319.507489     129.448374  0.0     280.000000     342.000000     392.000000  3.124000e+03
stats_boost_bcpm                                      22832.0     283.271176     163.826077  0.0     220.895958     326.942730     394.396550  1.564557e+03
stats_boost_avg_amount                                22832.0      48.805424      15.347612  0.0      42.747500      48.420000      53.980000  1.000000e+02
stats_boost_amount_collected                          22832.0     845.027023     602.249489  0.0     220.000000     925.000000    1305.000000  2.936000e+03
stats_boost_amount_stolen                             22832.0     123.544017     113.368885  0.0      12.000000     109.000000     201.000000  6.340000e+02
stats_boost_amount_collected_big                      22832.0     533.924054     414.133317  0.0      58.000000     582.000000     855.000000  1.979000e+03
stats_boost_amount_stolen_big                         22832.0      63.547565      82.983316  0.0       0.000000       0.000000     100.000000  5.300000e+02
stats_boost_amount_collected_small                    22832.0     311.102970     355.851478  0.0      60.000000     261.000000     419.250000  2.936000e+03
stats_boost_amount_stolen_small                       22832.0      59.996452      54.174858  0.0      10.000000      54.000000      95.000000  5.380000e+02
stats_boost_count_collected_big                       22832.0       6.470874       5.035769  0.0       1.000000       7.000000      10.000000  2.700000e+01
stats_boost_count_stolen_big                          22832.0       0.778118       0.989232  0.0       0.000000       0.000000       1.000000  8.000000e+00
stats_boost_count_collected_small                     22832.0      23.163805      18.313616  0.0       5.000000      23.000000      36.000000  2.430000e+02
stats_boost_count_stolen_small                        22832.0       5.212728       4.520694  0.0       1.000000       5.000000       8.000000  4.700000e+01
stats_boost_amount_overfill                           22832.0     109.983882     114.466766  0.0       4.000000      83.000000     175.000000  8.360000e+02
stats_boost_amount_overfill_stolen                    22832.0      13.690785      27.086396  0.0       0.000000       0.000000      13.000000  3.010000e+02
stats_boost_amount_used_while_supersonic              22832.0      90.268965      80.135879  0.0      28.000000      76.000000     134.000000  1.218000e+03
stats_boost_percent_zero_boost                        22832.0       9.093241       7.546788  0.0       2.888627       8.376276      13.322610  7.181162e+01
stats_boost_percent_full_boost                        22832.0      11.363079       7.955924  0.0       6.144179      10.503356      15.544439  8.363324e+01
stats_boost_percent_boost_0_25                        22832.0      29.767206      16.696189  0.0      20.354622      29.919206      38.725868  1.000000e+02
stats_boost_percent_boost_25_50                       22832.0      22.593833      11.822444  0.0      17.329534      22.809203      28.345571  1.000000e+02
stats_boost_percent_boost_50_75                       22832.0      16.489668       9.597188  0.0      10.863565      16.394736      22.170841  1.000000e+02
stats_boost_percent_boost_75_100                      22832.0      23.931354      13.113645  0.0      16.659255      24.172714      31.708577  1.000000e+02
stats_movement_avg_speed                              22832.0    1377.098196     286.784831  0.0    1344.000000    1431.000000    1509.000000  2.219000e+03
stats_movement_total_distance                         22832.0  264922.407016  148187.282194  0.0  168678.750000  256403.000000  388829.250000  1.260545e+06
stats_movement_time_powerslide                        22832.0       3.377887       2.729219  0.0       1.590000       2.980000       4.650000  1.041600e+02
stats_movement_count_powerslide                       22832.0      27.027549      19.588341  0.0      13.000000      24.000000      38.000000  2.680000e+02
stats_movement_avg_powerslide_duration                22832.0       0.125824       0.086887  0.0       0.100000       0.120000       0.140000  3.590000e+00
stats_movement_avg_speed_percentage                   22832.0      59.873835      12.468906  0.0      58.434784      62.217392      65.608696  9.647826e+01
stats_movement_percent_slow_speed                     22832.0      55.043839      13.784107  0.0      48.665765      54.335030      60.820170  1.000000e+02
stats_movement_percent_boost_speed                    22832.0      32.830829       9.548131  0.0      30.072290      34.471623      38.312945  1.000000e+02
stats_movement_percent_supersonic_speed               22832.0      10.171933       5.829371  0.0       6.367677       9.720107      13.507626  7.286822e+01
stats_movement_percent_ground                         22832.0      56.345642      13.679013  0.0      51.469868      56.585201      61.713713  1.000000e+02
stats_movement_percent_low_air                        22832.0      36.818894      10.940123  0.0      33.535702      37.992373      42.185658  1.000000e+02
stats_movement_percent_high_air                       22832.0       4.882065       3.771988  0.0       2.348129       4.467423       6.823084  1.000000e+02
stats_positioning_avg_distance_to_ball                22832.0    2672.166083     710.376375  0.0    2321.000000    2627.500000    2974.250000  9.674000e+03
stats_positioning_avg_distance_to_ball_possession     22832.0    2452.819508     920.354439  0.0    2054.000000    2441.000000    2878.000000  9.624000e+03
stats_positioning_avg_distance_to_ball_no_possession  22832.0    2652.810398     814.805567  0.0    2355.000000    2685.000000    3030.250000  9.674000e+03
stats_positioning_avg_distance_to_mates               22832.0    3149.920769     797.812457  0.0    2849.000000    3203.000000    3549.000000  9.292000e+03
stats_positioning_percent_defensive_third             22832.0      52.270941      15.940995  0.0      43.923030      52.537545      59.962294  1.000000e+02
stats_positioning_percent_offensive_third             22832.0      15.158708       8.509194  0.0      10.597507      14.949938      19.533771  1.000000e+02
stats_positioning_percent_neutral_third               22832.0      30.616953      11.057264  0.0      25.848191      30.538683      36.249946  1.000000e+02
stats_positioning_percent_defensive_half              22832.0      69.606699      15.097163  0.0      63.840230      70.493545      76.767696  1.000000e+02
stats_positioning_percent_offensive_half              22832.0      28.439902      12.145190  0.0      22.628006      28.998542      35.509679  1.000000e+02
stats_positioning_percent_behind_ball                 22832.0      70.765681      14.376678  0.0      65.855700      71.531170      77.603467  1.000000e+02
stats_positioning_percent_infront_ball                22832.0      27.280920      11.033679  0.0      21.789661      28.053784      33.607639  1.000000e+02
stats_positioning_percent_most_back                   22832.0      42.870713      16.558485  0.0      33.361233      42.659873      52.575052  4.123711e+02
stats_positioning_percent_most_forward                22832.0      38.201850      16.213995  0.0      28.941317      37.415898      47.449900  4.123711e+02
stats_positioning_percent_closest_to_ball             22832.0      38.737225      15.057131  0.0      30.518255      37.598840      47.346177  4.123711e+02
stats_positioning_goals_against_while_last_defender   22832.0       0.955545       1.154711  0.0       0.000000       1.000000       2.000000  1.300000e+01
stats_positioning_percent_farthest_from_ball          22832.0      42.133863      16.050280  0.0      32.499609      41.486466      51.893227  4.123711e+02
stats_demo_inflicted                                  22832.0       0.335363       0.695037  0.0       0.000000       0.000000       1.000000  2.200000e+01
stats_demo_taken                                      22832.0       0.516030       0.873200  0.0       0.000000       0.000000       1.000000  1.800000e+01
tod_sin                                               22832.0      -0.477039       0.496132 -1.0      -0.893118      -0.627822      -0.162967  9.999988e-01
tod_cos                                               22832.0       0.299884       0.660595 -1.0      -0.227342       0.527821       0.889724  1.000000e+00

--- Cluster 3 ---
                                                        count           mean           std         min            25%            50%            75%           max
team_result                                           71089.0       0.538283      0.506875    0.000000       0.000000       1.000000       1.000000  2.000000e+00
overtime_seconds                                      71089.0       4.821393     30.163158    0.000000       0.000000       0.000000       0.000000  3.447000e+03
stats_core_shots                                      71089.0       4.191098      2.316082    0.000000       3.000000       4.000000       5.000000  7.800000e+01
stats_core_shots_against                              71089.0       7.988718      3.327581    0.000000       6.000000       8.000000      10.000000  7.500000e+01
stats_core_goals                                      71089.0       1.710855      1.465906    0.000000       1.000000       1.000000       2.000000  4.300000e+01
stats_core_goals_against                              71089.0       2.928301      1.831671    0.000000       2.000000       3.000000       4.000000  2.200000e+01
stats_core_saves                                      71089.0       2.023675      1.541711    0.000000       1.000000       2.000000       3.000000  2.500000e+01
stats_core_assists                                    71089.0       0.761637      0.884460    0.000000       0.000000       1.000000       1.000000  6.000000e+00
stats_core_score                                      71089.0     554.041230    245.326485    0.000000     393.000000     529.000000     680.000000  1.063000e+04
stats_core_shooting_percentage                        71089.0      40.325557     30.611661    0.000000      20.000000      40.000000      60.000000  3.000000e+02
stats_boost_bpm                                       71089.0     416.455781     58.109314    0.000000     383.000000     415.000000     449.000000  6.976000e+03
stats_boost_bcpm                                      71089.0     432.899111     53.573375    0.000000     397.245300     431.800720     467.394650  8.206545e+02
stats_boost_avg_amount                                71089.0      47.797448      4.948829    0.000000      44.540000      47.770000      51.050000  1.000000e+02
stats_boost_amount_collected                          71089.0    2256.037151    479.982430    0.000000    1982.000000    2296.000000    2572.000000  5.082000e+03
stats_boost_amount_stolen                             71089.0     462.062246    177.396242    0.000000     337.000000     457.000000     580.000000  1.502000e+03
stats_boost_amount_collected_big                      71089.0    1599.458299    454.919817    0.000000    1346.000000    1628.000000    1894.000000  4.033000e+03
stats_boost_amount_stolen_big                         71089.0     271.216011    152.373375    0.000000     169.000000     266.000000     372.000000  1.218000e+03
stats_boost_amount_collected_small                    71089.0     656.578852    330.321131    0.000000     513.000000     626.000000     735.000000  5.082000e+03
stats_boost_amount_stolen_small                       71089.0     190.846235     70.981707    0.000000     141.000000     187.000000     236.000000  6.790000e+02
stats_boost_count_collected_big                       71089.0      19.293618      5.562108    0.000000      16.000000      20.000000      23.000000  5.700000e+01
stats_boost_count_stolen_big                          71089.0       3.262080      1.771401    0.000000       2.000000       3.000000       4.000000  1.600000e+01
stats_boost_count_collected_small                     71089.0      54.624907     14.480083    0.000000      45.000000      55.000000      64.000000  1.330000e+02
stats_boost_count_stolen_small                        71089.0      16.736134      5.929469    0.000000      13.000000      16.000000      21.000000  4.400000e+01
stats_boost_amount_overfill                           71089.0     309.142526    165.363518    0.000000     191.000000     290.000000     405.000000  2.766000e+03
stats_boost_amount_overfill_stolen                    71089.0      50.066635     50.198017    0.000000       9.000000      36.000000      78.000000  5.020000e+02
stats_boost_amount_used_while_supersonic              71089.0     272.937613    130.487211    0.000000     178.000000     258.000000     351.000000  1.181000e+03
stats_boost_percent_zero_boost                        71089.0      12.829305      4.592411    0.000000       9.548850      12.429397      15.663055  4.674775e+01
stats_boost_percent_full_boost                        71089.0      11.186862      4.256592    0.000000       8.189929      10.568380      13.498560  4.198510e+01
stats_boost_percent_boost_0_25                        71089.0      35.454595      7.558137    0.000000      30.267740      35.310547      40.447680  1.000000e+02
stats_boost_percent_boost_25_50                       71089.0      22.328348      4.366752    0.000000      19.392782      22.158012      25.110584  5.445524e+01
stats_boost_percent_boost_50_75                       71089.0      16.465152      4.158934    0.000000      13.590063      16.207040      19.088280  3.997966e+01
stats_boost_percent_boost_75_100                      71089.0      25.727992      6.242282    0.000000      21.388636      25.309126      29.627224  6.126527e+01
stats_movement_avg_speed                              71089.0    1539.043312     75.957498   78.000000    1491.000000    1539.000000    1588.000000  2.228000e+03
stats_movement_total_distance                         71089.0  468371.092757  92569.699052   76.000000  430692.000000  488871.000000  523472.000000  2.805322e+06
stats_movement_time_powerslide                        71089.0       6.156656      2.473578    0.000000       4.490000       5.920000       7.510000  4.632000e+01
stats_movement_count_powerslide                       71089.0      55.710855     23.568918    0.000000      39.000000      53.000000      70.000000  2.720000e+02
stats_movement_avg_powerslide_duration                71089.0       0.114853      0.028362    0.000000       0.100000       0.110000       0.130000  7.500000e-01
stats_movement_avg_speed_percentage                   71089.0      66.914927      3.302500    3.391304      64.826090      66.913040      69.043480  9.686957e+01
stats_movement_percent_slow_speed                     71089.0      46.260742      5.541587    0.000000      42.602060      46.206005      49.784016  1.000000e+02
stats_movement_percent_boost_speed                    71089.0      37.927097      3.815304    0.000000      35.372242      37.871048      40.439690  8.701299e+01
stats_movement_percent_supersonic_speed               71089.0      15.812162      4.229891    0.000000      12.953488      15.585426      18.416304  8.139535e+01
stats_movement_percent_ground                         71089.0      54.198570      4.840630    0.000000      51.062435      54.248930      57.421352  9.490909e+01
stats_movement_percent_low_air                        71089.0      40.457641      4.219832    5.090909      37.665043      40.402313      43.150930  1.000000e+02
stats_movement_percent_high_air                       71089.0       5.343789      2.187180    0.000000       3.793652       5.141131       6.678115  2.239583e+01
stats_positioning_avg_distance_to_ball                71089.0    2314.430559    253.687779  659.000000    2168.000000    2324.000000    2479.000000  3.898000e+03
stats_positioning_avg_distance_to_ball_possession     71089.0    2140.478780    328.317125    0.000000    1950.000000    2152.000000    2354.000000  4.033000e+03
stats_positioning_avg_distance_to_ball_no_possession  71089.0    2462.845293    288.159913    0.000000    2280.000000    2463.000000    2647.000000  4.470000e+03
stats_positioning_avg_distance_to_mates               71089.0    2955.566346    608.453304    0.000000    2869.000000    3038.000000    3213.000000  8.608000e+03
stats_positioning_percent_defensive_third             71089.0      46.506095      6.182295    0.000000      42.488210      46.585070      50.583107  1.000000e+02
stats_positioning_percent_offensive_third             71089.0      21.237996      4.988530    0.000000      17.824850      20.920992      24.277985  1.000000e+02
stats_positioning_percent_neutral_third               71089.0      32.255909      3.920801    0.000000      29.659426      32.124725      34.644420  1.000000e+02
stats_positioning_percent_defensive_half              71089.0      63.873247      6.117774    0.000000      60.036438      64.102180      67.971760  1.000000e+02
stats_positioning_percent_offensive_half              71089.0      36.126753      6.117774    0.000000      32.028240      35.897820      39.963566  1.000000e+02
stats_positioning_percent_behind_ball                 71089.0      74.484174      5.122687    0.000000      71.222190      74.637410      77.887024  1.000000e+02
stats_positioning_percent_infront_ball                71089.0      25.515826      5.122687    0.000000      22.112980      25.362587      28.777807  1.000000e+02
stats_positioning_percent_most_back                   71089.0      51.943316     16.909656    0.000000      46.763070      50.757343      54.830510  3.571428e+03
stats_positioning_percent_most_forward                71089.0      50.944092     16.982385    0.000000      45.613186      49.602700      53.703407  3.571428e+03
stats_positioning_percent_closest_to_ball             71089.0      51.616736     16.658527   15.120968      46.591633      50.127760      53.818780  3.571428e+03
stats_positioning_goals_against_while_last_defender   71089.0       1.569933      1.441047    0.000000       1.000000       1.000000       2.000000  2.000000e+01
stats_positioning_percent_farthest_from_ball          71089.0      51.295869     16.872359    0.000000      46.577225      50.209446      53.820870  3.571428e+03
stats_demo_inflicted                                  71089.0       0.803612      0.938681    0.000000       0.000000       1.000000       1.000000  8.000000e+00
stats_demo_taken                                      71089.0       0.848162      0.961789    0.000000       0.000000       1.000000       1.000000  1.100000e+01
tod_sin                                               71089.0      -0.446834      0.523864   -1.000000      -0.891501      -0.607780      -0.115154  9.999988e-01
tod_cos                                               71089.0       0.260135      0.676939   -1.000000      -0.316546       0.486399       0.880994  1.000000e+00
